time,x,y,z,phi,theta,psi,x_velocity,y_velocity,z_velocity,phi_velocity,theta_velocity,psi_velocity,rotor_speed1,rotor_speed2,rotor_speed3,rotor_speed4
0.06,1.85124998546e-08,-1.39746900381e-08,10.0032200136,6.28316664403,6.28316030051,0.0,1.89240518042e-06,-1.42026832024e-06,0.107328980987,-0.000940585483336,-0.00126371544041,0.0,438.995457394789,438.8906138377466,439.534187224701,439.45625010802036
0.12000000000000001,1.25489931515e-06,4.39371986421e-08,10.0178589998,0.000489514877871,6.28284566538,0.0,6.23187050421e-05,3.81079883017e-05,0.380585934441,0.0226521684519,-0.0147118569488,0.0,488.7555879482322,487.75253818762917,488.5127722744739,490.26846662353904
0.18,1.70639709292e-05,2.03197721313e-05,10.0471918583,0.00141811292374,6.28204443638,0.0,0.000564865673386,0.00078196122324,0.59708742267,-0.00545963169024,-0.0107674487079,0.0,473.15482893418533,473.45847782115766,472.9859201728417,470.8162071203365
0.23999999999999996,7.59432558906e-05,9.42914566684e-05,10.0852700489,0.00112365955387,6.28152413259,0.0,0.00145476535107,0.00165314968283,0.672143959918,-0.00382560513325,-0.00477908293041,0.0,428.91339556636945,429.42171475880923,429.35677012148466,429.49544597358636
0.3,0.000200180166228,0.000217134890117,10.1295475717,0.00116257745103,6.28133413814,0.0,0.00271155759635,0.00243269064309,0.803689703892,0.00836025167483,-0.000122088177932,0.0,446.9306812995847,447.3100938947714,446.94601660634817,447.9379368619684
0.36000000000000004,0.000402954138116,0.000390922034667,10.182124354,0.0018475516849,6.28185489352,0.0,0.00401498725588,0.00342521434801,0.948760136157,0.0169178939349,0.0221490143878,0.0,450.6343931876772,452.43077122691534,451.4202450235796,452.1100533807806
0.4200000000000001,0.000664700048072,0.000635512163548,10.2406149882,0.00277774352477,6.28318013338,0.0,0.00458386376945,0.00482017099839,1.00088310003,0.0125121959415,0.021963691462,0.0,422.7398715508647,422.7239506356993,422.1851610086368,421.8048220554281
0.48000000000000015,0.000934838318402,0.000985170505795,10.3037581109,0.00341559255339,0.00121402477659,0.0,0.00429060158968,0.00690625095807,1.1037933213,0.0065742411697,0.0168116566144,0.0,438.5835686522862,438.15549096199334,439.56655965758245,439.0741458334284
0.5400000000000001,0.0011585756112,0.0014839625552,10.3764598428,0.00332916279122,0.00203301253188,0.0,0.00305770403687,0.00974870216421,1.31937380431,-0.0266939323023,0.00642766902596,0.0,473.7850572380847,472.9859871287621,474.63154236717014,472.0717164185137
0.6000000000000002,0.00129787574662,0.00213188063809,10.4587037579,0.00184024551383,0.00285451228032,0.0,0.00152107519097,0.0116902261043,1.42196810958,-0.0213008465541,0.0252629737572,0.0,439.3307688073298,440.8894754990009,438.5827910412385,439.0303358101892
0.6600000000000003,0.00132391009744,0.00286703937453,10.5471768947,0.000897014973946,0.00433928114754,0.0,-0.000807002773569,0.0127026253968,1.52700151718,-0.00640854069844,0.0236920662665,0.0,440.2432955301092,440.1134073268777,440.20416464458975,441.4347342571817
0.7200000000000003,0.00118317609328,0.003645657941,10.6410812112,0.000130571106212,0.00621881776031,0.0,-0.00404931890833,0.0131992398479,1.60303785881,-0.0302355874569,0.0433651083548,0.0,430.21121280639,431.8739741221439,433.06314108130783,431.05451192279924
0.7800000000000004,0.000777617423131,0.00443259558463,10.7438883344,6.28146833362,0.00862596091748,0.0,-0.00976835915003,0.0128127277134,1.82353901131,-0.0319297774089,0.0326767743247,0.0,475.8073462197446,474.989138633977,476.76298123512623,476.6332810430769
0.8400000000000004,4.43053134517e-05,0.00516745220082,10.8519890618,6.27949957072,0.0108961351301,0.0,-0.0148480993773,0.0115255615038,1.77988583956,-0.0346393980714,0.0465491764702,0.0,392.17422116339645,393.4614385966104,391.56965527077284,391.3169429406357
0.9000000000000005,-0.00112804509806,0.00575860446489,10.9657636501,6.2771091374,0.0138941058059,0.0,-0.0245788079273,0.00791289417853,2.01221587833,-0.0530704786924,0.0560463568043,0.0,479.3105288650454,480.03305569874806,481.10809316842193,479.7099117978198
0.9600000000000005,-0.0029183773606,0.00608908738484,11.0904911324,6.27398508518,0.0180981926291,0.0,-0.0355094144762,0.00276787064436,2.14511817732,-0.050134226895,0.0890329238713,0.0,450.0303895741117,452.69575958347224,450.784311624589,451.01979277130533
1.0200000000000005,-0.00546983941097,0.00603999759556,11.2235854958,6.2709199347,0.0234998070367,0.0,-0.0501184005149,-0.0047315845575,2.29106430167,-0.0530596842882,0.0919429309243,0.0,455.7309245898566,455.9700047605215,455.6167258489466,455.3811848489485
1.0800000000000005,-0.00898286805208,0.00549169743741,11.3639564268,6.26771867595,0.0300232758741,0.0,-0.0676010911118,-0.013866336344,2.38774869059,-0.0539499461728,0.130120255537,0.0,439.12188319067633,442.28713567104165,441.3493035847628,441.27392642028303
1.1400000000000006,-0.0137035304498,0.00432083673911,11.5106670065,6.26469188974,0.0373500451967,0.0,-0.0905442849358,-0.0254833003804,2.50232733701,-0.044229188667,0.0969510983763,0.0,448.58206443401156,445.8933179185915,446.57716649221527,447.36772738843007
1.2000000000000006,-0.0198240048,0.00245209297026,11.6610378658,6.26174595388,0.042974149095,0.0,-0.113977019754,-0.037052560262,2.50999080628,-0.0612480460778,0.086376377926,0.0,413.5523515594565,412.627989791979,413.762781683973,412.25997335033617
1.2600000000000007,-0.0276296771502,-0.000257488595521,11.8159734605,6.25822715529,0.0480235628282,0.0,-0.146753467858,-0.0536488153427,2.65416829047,-0.0538963405599,0.0793042223596,0.0,457.71118466745673,457.15357861078064,456.131598308955,456.715997135654
1.3200000000000007,-0.0373400457639,-0.0039484109237,11.976052864,6.25552395021,0.0527969768085,0.0,-0.17735740063,-0.069646711072,2.68171438119,-0.0315381537552,0.0800572180329,0.0,420.86182883111934,420.93246265394134,419.3636641894991,421.29980563581256
1.3800000000000008,-0.0492134672703,-0.00876809307969,12.1422152974,6.25443003956,0.0573271673881,0.0,-0.218930763446,-0.0911559984129,2.85657316743,5.90177163658e-05,0.0643433678109,0.0,466.81967568526466,465.59602615572544,466.8839477243428,469.3426308535021
1.4400000000000008,-0.063691446974,-0.0149006493475,12.319029032,6.25486895461,0.0615735695598,0.0,-0.26410608476,-0.113219853952,3.03672229442,0.0188771912331,0.0812464721388,0.0,469.05797305839417,470.37227843322415,468.9129133891072,470.37241387707337
1.5000000000000009,-0.0807369787907,-0.0222324378746,12.5027287731,6.25567022286,0.0659684530319,0.0,-0.304517189115,-0.131074048317,3.08643469328,-0.00097496124273,0.0481163349552,0.0,430.8928579855056,428.0869414033398,431.7766287688177,430.0984274259986
1.560000000000001,-0.100522659811,-0.0307224487873,12.6929851592,6.25587775989,0.0686627675316,0.0,-0.355289115609,-0.151903267841,3.25494807234,0.0111102253242,0.0375558019468,0.0,468.069786704164,467.24823875340746,467.0185557272731,467.9601908074637
1.620000000000001,-0.123368003405,-0.0404357863535,12.8926828009,6.25715054552,0.0703840082306,0.0,-0.406424739062,-0.171751720856,3.40119069975,0.0361800581778,-0.00225161596896,0.0,463.50950040819265,460.3705538525725,460.8442516570923,462.82165497664346
1.680000000000001,-0.149423204622,-0.0513470903473,13.1027646675,6.25873826219,0.0699988006128,0.0,-0.462012864637,-0.191699819249,3.60092561813,-0.013731215331,-0.0164335510147,0.0,479.3585298636426,478.2796931662744,480.47700575549527,476.6780514458183
1.740000000000001,-0.178760530616,-0.0634171685583,13.3242304985,6.25783998418,0.0684264428932,0.0,-0.51573974488,-0.210720068482,3.78068360312,-0.0175744651627,-0.0673370151259,0.0,476.08843982970876,472.17690298472957,474.1489546536707,473.85370969092287
1.8000000000000012,-0.211000837833,-0.0765476957714,13.5524800894,6.25709374928,0.0646422478228,0.0,-0.558564824773,-0.22704440437,3.82749442624,-0.00375460517036,-0.0556731275459,0.0,433.9267220642189,434.9017952689542,433.56392576599296,434.72365789677906
1.8600000000000012,-0.246009716399,-0.0907785095642,13.7877187204,6.25704486324,0.0610074414555,0.0,-0.607966209508,-0.247315736343,4.01317393226,0.00449784856278,-0.0728466762164,0.0,477.448097147714,476.13353364419794,477.3795123357776,478.0088583711424
1.9200000000000013,-0.283753106588,-0.106163678597,14.0317461739,6.25716749843,0.0566225266413,0.0,-0.649680169592,-0.265494001441,4.12071404154,-0.00338174361091,-0.0735563218832,0.0,455.7990618667599,455.7383406039193,454.59909523864246,453.9671865001978
1.9800000000000013,-0.323795251678,-0.122585127036,14.2801857055,6.25750697674,0.0525612658041,0.0,-0.684665955667,-0.281875010284,4.1604787644,0.0194094675533,-0.0579781109897,0.0,434.23976884429453,435.5410758538313,433.05835172362873,434.97134509860484
2.0400000000000014,-0.365988736566,-0.140039133282,14.533404572,6.25935931275,0.0487929639416,0.0,-0.721392046182,-0.299751141169,4.27973113027,0.0473085613878,-0.0748162797884,0.0,459.59580389111636,458.25635631648646,459.1971983865343,461.40548203844764
2.1000000000000014,-0.410134593622,-0.158439047983,14.7902636751,6.26230701051,0.0441735557369,0.0,-0.749747913828,-0.313328276147,4.2822589329,0.0525386106834,-0.0817338733838,0.0,424.3727168476859,423.7734165455914,422.67231581488187,423.12448682248754
2.1600000000000015,-0.456158395799,-0.17772138245,15.0532200918,6.26501149101,0.0396177152942,0.0,-0.78380683085,-0.329053168272,4.48222540098,0.0227652681992,-0.0663121787625,0.0,484.00611685644014,485.16134932858904,485.203094540409,482.9634072907494
2.2200000000000015,-0.503942498366,-0.197808293053,15.3235274171,6.2662520544,0.0355784976416,0.0,-0.808623559307,-0.340386561419,4.52786116406,0.0161312839145,-0.0694157425983,0.0,438.99004415710414,438.7289494132683,439.5181988588831,438.96796648837625
2.2800000000000016,-0.553233826586,-0.218598383318,15.5992624424,6.26712863633,0.0309991793717,0.0,-0.83395090941,-0.352510285809,4.66278868697,0.011378381458,-0.0960235798704,0.0,468.45585346774897,466.37743171840333,466.71300493913157,466.34174040546515
2.3400000000000016,-0.603859078597,-0.240054309005,15.8803572103,6.26814711233,0.0251344006643,0.0,-0.853020807618,-0.362604924709,4.70688763205,0.0263088568109,-0.1014327958,0.0,439.76853394751294,439.311870413589,439.84185231524384,441.0767129928108
2.4000000000000017,-0.655553739395,-0.262115742506,16.1655597931,6.26959943922,0.018669917823,0.0,-0.869510773201,-0.3726196682,4.79951539603,0.0196271144355,-0.124955912222,0.0,457.1345605555585,455.2457822541226,455.0421808269398,454.5069815086069
2.4600000000000017,-0.708085369175,-0.284735689914,16.455249507,6.2709644926,0.0118466194966,0.0,-0.880875497009,-0.381255422177,4.85660432805,0.0283620007764,-0.0975357862216,0.0,443.49802633586734,445.73276517361114,445.3493300579393,446.06334192940267
2.520000000000002,-0.761145638763,-0.307814348345,16.7457006708,6.27242484467,0.0057603108108,0.0,-0.887322162298,-0.387905231524,4.8252643344,0.014750849565,-0.110675445203,0.0,417.66831670907385,416.5108200468117,417.29037962865823,416.1004580560518
2.580000000000002,-0.81449714771,-0.331283367999,17.0355348395,6.27372555585,6.28263822634,0.0,-0.890500506391,-0.394297427664,4.83585890662,0.03281381568,-0.0958569887519,0.0,429.7179869571044,430.962291810536,429.67718522257127,431.20603365611174
2.640000000000002,-0.867937332185,-0.355072994524,17.321962884,6.27539403194,6.27667690077,0.0,-0.890445072047,-0.398569890773,4.7122871523,0.0152178307426,-0.107469910503,0.0,384.76665786833036,383.6551610028174,385.2856997799668,383.6185085038119
2.700000000000002,-0.921263318869,-0.379126700489,17.604632547,6.27611889725,6.27024178268,0.0,-0.886537964685,-0.403149882914,4.7100666687,0.00492481442974,-0.106819978595,0.0,425.2157499144508,425.2607628265916,425.31830644266574,424.4356092709704
2.760000000000002,-0.974259731852,-0.403436659578,17.8860348428,6.27641181278,6.26379587371,0.0,-0.879492596989,-0.407160286573,4.67019207773,0.0047960053282,-0.108683345965,0.0,412.3297987590484,412.1539950226206,412.57919157421384,412.56773101447976
2.820000000000002,-1.02671486432,-0.427986405449,18.1657283336,6.2761078595,6.25755653664,0.0,-0.868478157601,-0.411146830313,4.65300863473,-0.0481438838276,-0.0959569706449,0.0,418.9976644569474,420.0925381837754,422.0223621208821,417.42711957180416
2.880000000000002,-1.07826888896,-0.452830482374,18.449509292,6.27298316881,6.25163909361,0.0,-0.84937091151,-0.417311183159,4.80572848826,-0.0614100895048,-0.104572236563,0.0,474.1781186250995,473.50801670348653,472.2163058309195,471.19009633763505
2.940000000000002,-1.1286282593,-0.478088748026,18.7398656995,6.26897971413,6.24530025148,0.0,-0.828676374058,-0.424996373056,4.87253185508,-0.0803287684589,-0.107887342161,0.0,448.0289475435776,447.7496214079722,448.7500777942648,447.2081103507135
3.000000000000002,-1.17733431311,-0.504001421589,19.041569486,6.26405846606,6.23870762284,0.0,-0.794046830559,-0.439384010868,5.1828890152,-0.085637504917,-0.114183410611,0.0,519.4603189318528,519.0098008034357,519.1199007146893,518.7428077019212
3.0600000000000023,-1.22416083651,-0.530745932031,19.3536481977,6.25876171641,6.2320067302,0.0,-0.76622080078,-0.452576684091,5.21954797875,-0.0941644226708,-0.107100177907,0.0,442.5498590998637,443.12145684011676,441.40531304069265,440.6943753924899
3.1200000000000023,-1.26928028339,-0.558340637939,19.6662730962,6.25273347601,6.22520415749,0.0,-0.737202353797,-0.467736203056,5.20133669133,-0.117677592548,-0.130461784633,0.0,425.4407236938584,423.4228733948071,425.75531355800774,423.72884307787547
3.1800000000000024,-1.31215165511,-0.587157611408,19.9842902657,6.2460771703,6.21709904721,0.0,-0.6909756121,-0.493591800796,5.39826939492,-0.100057775645,-0.146450415964,0.0,490.6737587632025,489.4700135527486,490.30082577692144,491.59850524675375
3.2400000000000024,-1.35251446658,-0.617419088786,20.3073314136,6.24006620801,6.20794297386,0.0,-0.653703405577,-0.515625525529,5.36985213696,-0.100433538883,-0.169193968809,0.0,424.7697936667705,422.79076323550504,422.63017551548927,422.58855569352676
3.3000000000000025,-1.39029552939,-0.64921059991,20.631084118,6.23368439837,6.19761439294,0.0,-0.604715872568,-0.544662141746,5.4215828916,-0.122135786418,-0.178800990731,0.0,448.6940636009441,447.8850250985575,450.38255546285075,448.61347049832057
3.3600000000000025,-1.42467001886,-0.683025127403,20.9609635986,6.22583650909,6.18683720688,0.0,-0.539986224193,-0.583264769968,5.5735485356,-0.160115423543,-0.18130715109,0.0,479.6024909466568,479.3834878058576,481.91037705635557,479.0151261075042
3.4200000000000026,-1.45463645178,-0.719508788621,21.302809985,6.21636553957,6.17618553755,0.0,-0.457684946885,-0.633953913695,5.8199251789,-0.153669489009,-0.170884696304,0.0,508.2333079262033,508.95375097222234,508.41100739957375,508.8525010013174
3.4800000000000026,-1.47980487394,-0.759013785608,21.6557037383,6.20742779517,6.1660952741,0.0,-0.380257587366,-0.683780871776,5.94238780151,-0.140914484006,-0.163238174235,0.0,475.46243200070523,476.02292775763345,475.28342240309144,476.2407982322474
3.5400000000000027,-1.50076619852,-0.801271449831,22.0104555911,6.19964087004,6.15636068744,0.0,-0.317646072749,-0.725454930617,5.8828227297,-0.11370609975,-0.160326277493,0.0,418.82403567957266,419.0504587634036,419.6501923753066,421.9888067031832
3.6000000000000028,-1.51763911464,-0.846262903555,22.3629630065,6.1925652703,6.14669343043,0.0,-0.243948783044,-0.774844850562,5.86731906394,-0.12808038722,-0.162757368429,0.0,434.865782243158,434.63671900724967,434.292411845931,433.0717910009498
3.660000000000003,-1.53001743813,-0.894276884856,22.7138207124,6.18455519335,6.13647813493,0.0,-0.167820258457,-0.826262375365,5.82792585878,-0.147457795642,-0.192684991425,0.0,427.496386178025,424.90784261401456,427.81158603187123,426.1405508072537
3.720000000000003,-1.53746508288,-0.945632704022,23.0635166122,6.17652274646,6.12487792422,0.0,-0.0794192034804,-0.886307658869,5.828328156,-0.115331629343,-0.194671270937,0.0,440.44661973441737,440.2454396928338,437.8658245640558,440.5132958046394
3.780000000000003,-1.53932900702,-1.00077302869,23.4136356383,6.16932153744,6.11380913417,0.0,0.0182926696832,-0.952300807369,5.84193869812,-0.131589087158,-0.169431890266,0.0,443.7161694632982,445.75015697924067,445.23631449580074,443.89077458507506
3.840000000000003,-1.53508067053,-1.06003633681,23.7648131476,6.16159673501,6.10327856361,0.0,0.124235872462,-1.02380838757,5.86353273368,-0.123599510397,-0.19181922172,0.0,448.6976417468321,446.84610518111083,447.96977455716575,448.60406292605603
3.900000000000003,-1.52419128979,-1.123781685,24.1176818562,6.15395317253,6.09168118346,0.0,0.239778703553,-1.10167404271,5.89818989871,-0.136318314259,-0.196400488349,0.0,453.7770406755116,453.37341588230163,453.3227660007073,452.28477378292365
3.960000000000003,-1.50660239721,-1.19203742913,24.4702701513,6.14571425603,6.08018408598,0.0,0.347499189148,-1.17417234235,5.85457744095,-0.139385265221,-0.18346275951,0.0,428.21236940593457,429.2743713722422,429.155239881988,428.8765698358871
4.020000000000002,-1.48084962548,-1.26577983575,24.8273775894,6.13688117897,6.06907467554,0.0,0.511988788755,-1.2846947996,6.04742658852,-0.171396056354,-0.188774651971,0.0,502.9066395284236,502.4927453677368,503.9908798453568,501.65311926463266
4.080000000000001,-1.44616328288,-1.34555274612,25.1905478788,6.12626984016,6.0578285869,0.0,0.6451969926,-1.37525911414,6.05764119911,-0.190937692297,-0.184885277896,0.0,450.50562020093423,450.7864613670009,450.90213294517065,449.29014372145105
4.14,-1.40293684409,-1.43118020065,25.5557084125,6.11509262111,6.04659084551,0.0,0.796656069924,-1.47994595565,6.1134216811,-0.178324523601,-0.192605031344,0.0,466.1552718030502,465.51912319862737,466.17024327512655,467.1229883530921
4.199999999999998,-1.35031920051,-1.523349578,25.9244492479,6.10458321736,6.03564693734,0.0,0.958228247139,-1.59324391852,6.17688213155,-0.169481450869,-0.167333477692,0.0,469.05214372588364,470.98021912922263,471.0225534820991,471.67840885944287
4.259999999999997,-1.28930987654,-1.62144209889,26.2910428367,6.09472619118,6.02578848298,0.0,1.0762329062,-1.67723916988,6.04305394072,-0.155524552665,-0.158861647633,0.0,406.4580738165706,407.1882768411182,406.14396777732566,407.36550954332074
4.319999999999996,-1.21990934219,-1.72553684264,26.6538869473,6.0859129559,6.0160083816,0.0,1.23790280588,-1.79327885897,6.0509911925,-0.133626575948,-0.172914754678,0.0,455.967839427218,454.8186862979904,454.0769820459096,455.810613539513
4.379999999999995,-1.1405816384,-1.83677162047,27.0172808073,6.07789608594,6.00600664314,0.0,1.40717107923,-1.91513795905,6.06131906177,-0.133590383424,-0.156514184354,0.0,457.43947510315354,458.7180271598568,457.1874254952351,457.1744132002173
4.439999999999993,-1.05052156109,-1.95573665229,27.3825572355,6.06988971358,5.99671293722,0.0,1.59554532012,-2.05094001336,6.11344072705,-0.133139870786,-0.151842776066,0.0,472.86622414718806,473.20492494267785,472.597847938721,472.6173474079251
4.499999999999992,-0.949868661488,-2.08235360603,27.747928559,6.06194728671,5.98752683923,0.0,1.76026165638,-2.17020052345,6.0650765924,-0.130885583549,-0.155742790642,0.0,441.6118630126671,441.26766114680316,443.191218822889,443.36034988566433
4.559999999999991,-0.83980655133,-2.21579637564,28.108324699,6.05424311287,5.97880998813,0.0,1.90918855146,-2.27846259221,5.94800561417,-0.123854447945,-0.129930350873,0.0,418.92079376212786,421.13824524954185,418.8659934176685,419.46099148542
4.6199999999999894,-0.719922333299,-2.35639115636,28.4639857186,6.04697006818,5.97117892065,0.0,2.0875081771,-2.40854680932,5.9067448299,-0.116410066067,-0.122196481644,0.0,446.16471438188506,446.78113769959424,446.01901417738924,446.6135041024027
4.679999999999988,-0.589829311704,-2.5044576458,28.8152495665,6.04046920962,5.96413146744,0.0,2.24947456897,-2.52749798284,5.80182756653,-0.0957812163677,-0.109360859106,0.0,424.1962252442957,425.2841338094322,425.6635600520239,427.4145748514536
4.739999999999987,-0.449068580872,-2.66036942631,29.1626428975,6.03525462396,5.95787656153,0.0,2.44294507105,-2.66991414946,5.77722942167,-0.0733646947939,-0.0956075492673,0.0,453.3233617615113,454.41809505505137,453.24356849452465,455.0357025193477
4.799999999999986,-0.2974571801,-2.82428585012,29.506035678,6.03072974556,5.95176483846,0.0,2.61119782508,-2.79431759669,5.66901250805,-0.0798640192542,-0.118866238909,0.0,427.44773089598823,425.45063349235977,426.9610709560127,426.40131039576977
4.859999999999984,-0.134344037638,-2.99669123307,29.8465722556,6.02586894199,5.94447265993,0.0,2.82629492916,-2.95278321451,5.68116683351,-0.0834157852888,-0.12749059826,0.0,469.59344033023126,468.91125730724247,467.6922497092021,467.41052113748225
4.919999999999983,0.0411719216563,-3.17823586489,30.1860314893,6.02064464927,5.93677070158,0.0,3.02470108308,-3.09902486592,5.63342188326,-0.0956183464584,-0.130174887089,0.0,450.9219896269895,450.69022632354864,451.0536512704012,450.060604454372
4.979999999999982,0.228241384555,-3.36830417768,30.5212945264,6.01458003305,5.92869241758,0.0,3.21145337247,-3.23699325563,5.54151476975,-0.115168546385,-0.145513696614,0.0,437.412230150017,436.11533135545244,438.0624797081435,436.4240433586497
5.0399999999999805,0.427384880951,-3.56728514275,30.8529142898,6.00729667575,5.92018671511,0.0,3.4271301033,-3.39613195089,5.5114501443,-0.138258126742,-0.13515926665,0.0,459.3285158724054,460.1310905083632,460.68472109684933,458.8417203693674
